Translation: 0.45442800891969487 -0.12742961353451895 0.5137702413705771
Rotation: 0.0025130546723840393 0.05566776341727963 0.8371707839909002 0.5440954540376101
