Translation: 0.31346067157693747 0.1338175054129821 0.6342054535597912
Rotation: -0.07790005033977625 -0.010897695341884677 0.232085587858836 0.9695097226441385
