Translation: 0.24525935770433288 -0.007764374769215364 0.6804941653971279
Rotation: 0.22246675142229172 -0.07306716751257053 0.7219826953990154 0.6510842657349928
