Translation: 0.5023802809132035 0.07476183317503762 0.5150925595705986
Rotation: 0.0695703028258735 0.000639183474534456 0.7785934533640634 0.623660002555739
