Translation: 0.30334511677137954 -0.06477081631381133 0.5546064938811635
Rotation: 0.10242942700753802 -0.12026218490569389 0.7958415873761683 0.5845351889896764
