Translation: 0.4678257590302108 -0.0654797751202662 0.47534299364789706
Rotation: 0.06252629355792354 0.007539944050531694 0.8775650541338093 0.4753032585841882
