Translation: 0.25265847237732947 -0.10915948664493515 0.49056382551018257
Rotation: -0.04080913642716422 0.2317754417023232 0.8277141730984043 0.5094153576991832
