Translation: 0.2812450261158095 0.16759567774120177 0.6950813790655945
Rotation: -0.03983444819013205 0.0192866654225547 0.4754869488340612 0.8786087882344116
