Translation: 0.5023411074369172 0.07476324852162253 0.5150425962166503
Rotation: 0.06639135862944777 -0.020961480885457573 0.9334848463453708 0.3517937541543117
