Translation: 0.3448717715430474 -0.05855891780546985 0.6172137429081568
Rotation: 0.04428551728803729 0.02904932242912752 0.9009961253894286 0.43058206170041086
