Translation: 0.4005367094895995 0.11343863449201122 0.7175147814430138
Rotation: 0.0947925807046935 -0.013221132429542258 0.5048858396709741 0.8578635422958363
