Translation: 0.27322258226586016 0.10559477890393193 0.6221835347495923
Rotation: -0.07996938070213548 -0.0688044114909025 0.3461689996895648 0.9322220093751453
