Translation: 0.30443219171838104 -0.006284561931668703 0.6217407838505757
Rotation: 0.1645079702197564 -0.08248669138370071 0.7979834916538942 0.5738949560038018
