Translation: 0.5146990892057576 0.01130717556602976 0.5810565322690031
Rotation: -0.08973261651188094 0.03272604144877408 0.8020510369486076 0.5895686540808357
