Translation: 0.3397823688944443 -0.06554313953802066 0.7230915993937541
Rotation: 0.005976329960503165 0.040075881032670665 0.8938368945135626 0.44655773786377123
