Translation: 0.28020426152257666 0.11487474130436551 0.562783769417468
Rotation: 0.043563070370662565 -0.053581859309867357 0.5714067003230541 0.8177564589036872
