Translation: 0.334495114216257 0.14458507010386118 0.6310687069670617
Rotation: 0.27487235208261135 0.007689366383018422 0.5881634155814344 0.760558913087462
