Translation: 0.28651271071309387 0.06079171992901209 0.6222178626712367
Rotation: -0.0851366957931061 -0.06232161450066816 0.2708266997572545 0.9568284371265604
