Translation: 0.37959052863191756 -0.07752419138467215 0.5791799303411269
Rotation: 0.13894796112615673 -0.06362896950212449 0.8388309024030919 0.5225012301541463
