Translation: 0.26670269035960625 -0.07998297745557627 0.5142749578306296
Rotation: 0.029832948496971837 -0.12854505810642936 0.9185027667033355 0.37274499430402774
