kinematics:
  shoulder:
    x: 0
    y: 0
    z: 0.12785968625549388
    roll: -0
    pitch: 0
    yaw: -7.2001295348534031e-07
  upper_arm:
    x: 1.8753368663121909e-05
    y: 0
    z: 0
    roll: 1.569986482062445
    pitch: 0
    yaw: -3.4875889963981173e-05
  forearm:
    x: -0.6125567143503613
    y: 0
    z: 0
    roll: 3.1398375005916863
    pitch: 3.1403635955821914
    yaw: -3.1415389073973436
  wrist_1:
    x: -0.57142267738199781
    y: 0.00075584561879334469
    z: 0.16393018832905851
    roll: 3.1369819087945592
    pitch: -3.1411767024694051
    yaw: 3.1414919678804432
  wrist_2:
    x: 2.2072565932415112e-05
    y: -0.11569631948872935
    z: 4.8002671231972923e-05
    roll: 1.5703814244999088
    pitch: 0
    yaw: -6.6213198531589251e-05
  wrist_3:
    x: 9.2415939417447575e-05
    y: 0.092196643363877312
    z: 4.971341417552085e-06
    roll: 1.5708502478622082
    pitch: 3.1415926535897931
    yaw: 3.1415575660440473
  hash: calib_16526055666003874163