Translation: 0.18015503720547696 0.1284639139048442 0.7654246892769929
Rotation: 0.26629006633525837 0.3926464568365615 0.5081296824378098 0.7188341855605566
