Translation: 0.2269460525866617 0.13051230281371573 0.7599743685358509
Rotation: 0.16389398973180536 0.5981460473074756 0.3524774937285162 0.7007993169482244
