Translation: 0.3229886032367328 -0.09975293285870128 0.6641831719146363
Rotation: 0.39742173629572136 -0.17354245587659983 0.877633405116386 0.20420231573571848
