Translation: 0.2947421348112014 0.062081867126969434 0.6764729481530418
Rotation: 0.36479044980540865 0.3750712777562253 0.6772234132458415 0.5173179997687423
