Translation: 0.6036114412123008 0.2343322495171825 0.6834326054871505
Rotation: 0.23450745570657416 -0.24613177942396497 -0.12351614215798377 0.9322924235464056
