Translation: 0.2545536230919156 0.09492586176002574 0.637377361884162
Rotation: 0.5183692338097148 0.06225087098798405 0.6667354566275361 0.5318665221429505
