Translation: 0.4723418176785483 0.042322670871362225 0.6062377593794291
Rotation: 0.1354172317881498 0.003308423550038955 0.6541466619763002 0.7441393500505885
