Translation: 0.2346162991059133 0.03660834355201584 0.7976963540490252
Rotation: 0.39019574017502395 0.15480115670414188 0.6636176369379685 0.6191894041221891
