Translation: 0.324268884888371 -0.10790136856363855 0.751542401980495
Rotation: 0.14129942716286345 0.037418005509581395 0.9647996636056457 0.2186229033142788
