Translation: 0.4472425208203048 0.23462003491574496 0.7333940521802425
Rotation: 0.1007804499138265 -0.3109790439902959 0.14416755991022834 0.9339973499874499
