Translation: 0.2626070060848602 0.04799801225777331 0.7524091728872861
Rotation: 0.3525709612969239 0.3563351881304878 0.7862143785572249 0.36136671387947406
