Translation: 0.1869373068670552 0.09512139896207512 0.7007978388964409
Rotation: 0.4098792192423577 0.13263363774070222 0.623139209455402 0.6527670866490132
