Translation: 0.20366989804116145 0.09278322218044609 0.6685174819816337
Rotation: 0.3000351796211494 0.11873128088579352 0.7625190119446156 0.5607553212872177
