Translation: 0.5585527694602396 -0.14227771097417327 0.5274123582087082
Rotation: 0.20058017774896086 -0.079685389372747 0.9606561692201987 0.17480719537216402
