Translation: 0.5335293716192996 -0.06859905447617756 0.7853628831586483
Rotation: 0.11750775816545227 -0.013227259388668883 0.987545014403341 -0.10378733500335914
