Translation: 0.19635439955002557 0.06566560098872806 0.7104666157448809
Rotation: 0.42473424627623785 0.14586453426033727 0.5463006566606876 0.7070218880750953
