Translation: 0.23853564095120558 0.15350450609286215 0.6406254274940966
Rotation: -0.22533165229064908 0.25489320625082235 0.1692801613658128 0.9249861225181198
