Translation: 0.15385501198393053 0.0484243659632979 0.6709985985393241
Rotation: 0.2842291331118865 -0.24921762895092794 0.7462674323509908 0.5478953300793888
