Translation: 0.16591791550024543 -0.10583882014919119 0.7013160857463197
Rotation: 0.034345844282256455 0.3136103134863761 0.8996955628195813 0.3016899542548158
