Translation: 0.5231670387812678 0.10636198501824942 0.703780415927459
Rotation: 0.2786157801706604 -0.1653783342755276 -0.5858731913174854 0.742816166549713
