Translation: 0.23713079440731982 0.1457402871481056 0.7632633156460358
Rotation: 0.004773523687029298 0.10437867712365974 0.4858269041301094 0.8677871423666507
