Translation: 0.5589210913373441 -0.169089352822204 0.47158641823709485
Rotation: 0.09271194820709291 -0.09976664436803466 0.9136166925202581 0.38308700118841366
