Translation: 0.7353037151245316 -0.002368498522819805 0.8067091030661209
Rotation: -0.36363128512831094 0.24468203043212117 0.7658947384182792 -0.47043409965981775
