Translation: 0.29416557660496556 -0.1270012196468706 0.6044571723993792
Rotation: 0.2863989163985326 0.15268230991340428 0.926618245872013 0.1898483588086216
