Translation: 0.18254416129698753 0.07888658253094577 0.5189601043582937
Rotation: 0.5036676356769204 -0.37146476653558896 0.779533715525722 -0.025690978045685896
