Translation: 0.41090795745748426 -0.10677706654629784 0.8250978921161427
Rotation: 0.13092211458121775 -0.00037274700816483246 0.9897747156252268 0.05661513297919402
