Translation: 0.48626863300670864 0.1809766907156665 0.7203708153314274
Rotation: -0.03019096144815976 -0.25051663538406754 0.3529619739035612 0.9009704580177885
