Translation: 0.2332188719031302 0.12451000286994406 0.6602813512837162
Rotation: 0.14158949197473988 0.4114613928853338 0.14228945960892433 0.8890476070556607
