Translation: 0.22370678891605844 -0.1004960024140058 0.7143479870253109
Rotation: 0.20467897610702987 0.014720948968120737 0.9086401891491944 0.36367955271663543
