Translation: 0.16117586974806075 0.21399099758991635 0.6871637363623135
Rotation: 0.3091010788799154 -0.00819080563850109 0.27826102981565065 0.9093735387750175
