Translation: 0.6960341144566238 -0.10139241958098667 0.4368901994973688
Rotation: -0.012874670475733787 -0.08349521693067245 0.8447388914102422 0.5284685392233266
