Translation: 0.659351567974581 0.1498035360184209 0.6363245911174946
Rotation: 0.10954585154598181 -0.23151629381518513 -0.4354227049691619 0.8630220044150003
