Translation: 0.23205699304580366 0.29405946996365206 0.5686170922031905
Rotation: 0.06764087629737173 0.14711644884977165 0.11078853105178553 0.9805648187238535
