Translation: 0.23066059745940629 -0.028850124699109872 0.5818144399025418
Rotation: 0.0666943889317964 0.2939388386471344 0.728464303336444 0.6152166905931093
