Translation: 0.3751859842647803 0.07386781807425208 0.5869362510052861
Rotation: -0.022967365647216274 -0.11140939885515384 0.6082852972324578 0.7855249474923001
