Translation: 0.25234861704571937 0.03747160373451115 0.5178761001721837
Rotation: -0.06296627474941659 -0.25264268959274305 0.8386732215164654 0.4783661224948101
