Translation: 0.6969163097153891 0.1135219382938313 0.7864021385441395
Rotation: 0.05986412272992332 -0.1868310730638535 -0.6855722127471621 0.7010714500366889
