Translation: 0.3550994070849494 -0.09991972340938003 0.7849297947144698
Rotation: 0.27202643419621747 0.01959982847151196 0.9399424641352349 0.2052452921208209
