Translation: 0.24484069045459228 0.12824571914763844 0.6507656572277469
Rotation: -0.08215219730689748 0.5057256459487725 0.3020718215455935 0.8038937754053533
