Translation: 0.901313026738963 0.24581587063939647 0.5400671562486329
Rotation: 0.3092702243026362 -0.13314631006357291 -0.6759135869197976 0.6555644983473903
