Translation: 0.41951794696984657 0.31091658928590465 0.6412340303969073
Rotation: 0.18665262541358288 -0.13909194425600366 0.019658425742524962 0.9723311034655978
