Translation: -0.03458423894951498 0.15886913094651015 0.5616262995119414
Rotation: 0.1046037860511948 0.10820366312581325 0.6383884576056226 0.7548577299238748
