Translation: 0.29658271269653025 0.07381260160570449 0.5406841868698984
Rotation: -0.03564465619292387 0.2012416652955284 0.5721016575755252 0.794311616453711
