Translation: 0.2048870086488095 0.09821882904359283 0.6627999140972374
Rotation: 0.14103924917557845 0.3963527877775582 0.25382826120525487 0.8709670554197007
