Translation: 0.6159386875958069 0.12346225813029223 0.8212412551346078
Rotation: 0.17258635657314186 -0.2354076721490532 -0.49455464314275105 0.8186653054601242
