Translation: 0.11946823513996845 0.15322355447438352 0.565895132208377
Rotation: 0.13666243708908335 0.17200758572030792 0.6169876432183 0.755687115716201
