Translation: 0.1078050300421822 -0.17519958288384996 0.6343060244444843
Rotation: 0.45498472462339207 0.2758478649496194 0.7672837947945637 0.3580117791466735
