Translation: 0.24207197206976644 0.19391876830433774 0.5166198182297352
Rotation: 0.1127637375093042 -0.1367307514499185 0.53365924917386 0.8269200970360229
