Translation: 0.6020152326814492 -0.018217596438309912 0.824344043322645
Rotation: 0.3220771095656604 -0.07715506217720944 -0.7978033767316299 0.5038086977711573
