Translation: 0.3233990321321687 0.061652956095309866 0.5094381179374788
Rotation: 0.03528751765452645 0.2511660012387731 0.7842344157999925 0.5662568427792734
