Translation: 0.1355393702390626 0.10449012299442605 0.6570893039863324
Rotation: 0.2714616989388368 -0.18898050472679595 0.699860783199419 0.6330796150421696
