Translation: 0.2133841921281437 -0.18376737320622832 0.6504415151108727
Rotation: 0.2694616380994826 0.10814627933510124 0.9364043345966406 0.19708305357726838
