Translation: 0.5843742697616873 0.06800700428754324 0.6278543477326168
Rotation: 0.2590706338217194 -0.2579892976484311 -0.589059495550093 0.720647514178986
