Translation: 0.5267665807835785 -0.04527850471152577 0.8376948608415853
Rotation: -0.08898430641085203 0.07605121676086078 0.9914359087899404 0.05790375120523073
