Translation: 0.6469561458234375 0.27812250996099575 0.6556544495149059
Rotation: 0.11295042414547111 -0.24985866193130365 -0.24794003583963306 0.9291601527030193
