Translation: 0.32604749256717774 0.023346325977727442 0.5680887514794972
Rotation: 0.1274190080341289 -0.10867674282360977 0.9061269029437207 0.3884427856486338
