Translation: 0.6455995116010113 0.17269462664018284 0.6724138717525276
Rotation: -0.05482530074112179 -0.08064015638288465 -0.27917262875644117 0.9552769205473394
