Translation: 0.2190925092149459 0.10501551255336833 0.6750040295890058
Rotation: 0.17065741873322 0.28405083434453227 0.24128089482149845 0.9121264707997606
