Translation: 0.4175229515176913 0.0988278164195577 0.7476226796213448
Rotation: 0.16163740893250736 -0.07905566542442785 0.16204254496793305 0.9702400545319708
