Translation: 0.12626405834697907 0.11301807055273211 0.6072864053492382
Rotation: 0.4807940749258786 0.04565350958743957 0.6801815636814768 0.5514579358449196
