Translation: 0.2901228743988618 0.0048903742911713885 0.4779805482922518
Rotation: -0.0645784912529528 -0.04972686290917601 0.901599707844791 0.42482328606950387
