Translation: 0.3367742534234513 0.022124794832374103 0.6224368427842311
Rotation: 0.2968015156588284 -0.014469050053093206 0.8866507988436805 0.35433016778570575
