Translation: 0.5273274842026358 0.020247991350689186 0.664684309153293
Rotation: -0.1868111794741987 0.06858711783979085 -0.8062364563867619 0.5571177316176598
