Translation: 0.40624988360936226 -0.016273098131244133 0.4889917212999533
Rotation: -0.16113901336639197 -0.16083009632880488 0.8239009540178839 0.5189943318135505
