Translation: 0.14301825057063428 0.0654556736532008 0.6222431252934493
Rotation: 0.18733355071054128 -0.19045432287828462 0.7671258879534613 0.5832247968894746
