Translation: 0.2972608722730558 0.158623095166185 0.6996730860078442
Rotation: 0.12563841727396344 0.45281096044637376 0.2358604184384563 0.8506157094825856
