Translation: 0.24946137814135022 -0.008565706533625584 0.5884334655453718
Rotation: 0.027209416073366327 0.4274917493408071 0.6064105015460344 0.6699080202066328
