Translation: 0.49197119751332985 0.1797523729120157 0.6381921922120886
Rotation: 0.007328765651094736 -0.02408267825858889 0.28515417666756004 0.9581510368052474
