Translation: 0.2884072469419407 0.06639766768763955 0.7498410879719664
Rotation: -0.15947109407061147 0.22406277474803898 0.6614763533110447 0.6977204863972778
