Translation: 0.6135461385549673 0.21734323752718787 0.7546941990075864
Rotation: 0.0262924210423925 -0.23148033755838235 -0.22248237406567564 0.9466927459052845
